 1.00000000e-02  3.10057468e+01  1.00000000e-02  4.06076274e-04 
 2.00000000e-02  3.10308542e+01  2.00000000e-02  5.54213145e-04 
 3.00000000e-02  3.10542783e+01  3.00000000e-02  7.56529402e-04 
 4.00000000e-02  3.10756960e+01  4.00000000e-02  1.03286297e-03 
 5.00000000e-02  3.10946315e+01  5.00000000e-02  1.41030041e-03 
 6.00000000e-02  3.11104099e+01  6.00000000e-02  1.92580069e-03 
 7.00000000e-02  3.11220920e+01  7.00000000e-02  2.62974319e-03 
 8.00000000e-02  3.11283853e+01  8.00000000e-02  3.59070191e-03 
 9.00000000e-02  3.11275241e+01  9.00000000e-02  4.90182550e-03 
 1.00000000e-01  3.11171115e+01  1.00000000e-01  6.68928065e-03 
 1.10000000e-01  3.10939145e+01  1.10000000e-01  9.12327291e-03 
 1.20000000e-01  3.10536042e+01  1.20000000e-01  1.24321494e-02 
 1.30000000e-01  3.09904405e+01  1.30000000e-01  1.69199285e-02 
 1.40000000e-01  3.08969085e+01  1.40000000e-01  2.29871511e-02 
 1.50000000e-01  3.07633417e+01  1.50000000e-01  3.11539952e-02 
 1.60000000e-01  3.05776032e+01  1.60000000e-01  4.20828627e-02 
 1.70000000e-01  3.03249613e+01  1.70000000e-01  5.65949302e-02 
 1.80000000e-01  2.99883754e+01  1.80000000e-01  7.56715537e-02 
 1.90000000e-01  2.95494797e+01  1.90000000e-01  1.00427984e-01 
 2.00000000e-01  2.89905532e+01  2.00000000e-01  1.32046177e-01 
 2.10000000e-01  2.82975964e+01  2.10000000e-01  1.71659890e-01 
 2.20000000e-01  2.74641980e+01  2.20000000e-01  2.20202480e-01 
 2.30000000e-01  2.64952278e+01  2.30000000e-01  2.78253751e-01 
 2.40000000e-01  2.54088587e+01  2.40000000e-01  3.45942973e-01 
 2.50000000e-01  2.42355437e+01  2.50000000e-01  4.22959152e-01 
 2.60000000e-01  2.30136556e+01  2.60000000e-01  5.08676700e-01 
 2.70000000e-01  2.17830713e+01  2.70000000e-01  6.02346658e-01 
 2.80000000e-01  2.05789681e+01  2.80000000e-01  7.03273032e-01 
 2.90000000e-01  1.94277901e+01  2.90000000e-01  8.10913548e-01 
 3.00000000e-01  1.83460595e+01  3.00000000e-01  9.24893615e-01 
 3.10000000e-01  1.73414617e+01  3.10000000e-01  1.04496246e+00 
 3.20000000e-01  1.64150750e+01  3.20000000e-01  1.17093100e+00 
 3.30000000e-01  1.55637502e+01  3.30000000e-01  1.30261940e+00 
 3.40000000e-01  1.47820725e+01  3.40000000e-01  1.43982479e+00 
 3.50000000e-01  1.40637333e+01  3.50000000e-01  1.58230813e+00 
 3.60000000e-01  1.34023678e+01  3.60000000e-01  1.72979385e+00 
 3.70000000e-01  1.27919997e+01  3.70000000e-01  1.88197636e+00 
 3.80000000e-01  1.22272323e+01  3.80000000e-01  2.03852885e+00 
 3.90000000e-01  1.17032943e+01  3.90000000e-01  2.19911186e+00 
 4.00000000e-01  1.12160104e+01  4.00000000e-01  2.36338059e+00 
 4.10000000e-01  1.07617409e+01  4.10000000e-01  2.53099059e+00 
 4.20000000e-01  1.03373118e+01  4.20000000e-01  2.70160190e+00 
 4.30000000e-01  9.93994771e+00  4.30000000e-01  2.87488194e+00 
 4.40000000e-01  9.56721251e+00  4.40000000e-01  3.05050744e+00 
 4.50000000e-01  9.21695826e+00  4.50000000e-01  3.22816572e+00 
 4.60000000e-01  8.88728248e+00  4.60000000e-01  3.40755534e+00 
 4.70000000e-01  8.57649270e+00  4.70000000e-01  3.58838648e+00 
 4.80000000e-01  8.28307704e+00  4.80000000e-01  3.77038109e+00 
 4.90000000e-01  8.00567984e+00  4.90000000e-01  3.95327281e+00 
 5.00000000e-01  7.74308133e+00  5.00000000e-01  4.13680682e+00 
 5.10000000e-01  7.49418055e+00  5.10000000e-01  4.32073963e+00 
 5.20000000e-01  7.25798098e+00  5.20000000e-01  4.50483880e+00 
 5.30000000e-01  7.03357825e+00  5.30000000e-01  4.68888266e+00 
 5.40000000e-01  6.82014972e+00  5.40000000e-01  4.87265999e+00 
 5.50000000e-01  6.61694542e+00  5.50000000e-01  5.05596968e+00 
 5.60000000e-01  6.42328024e+00  5.60000000e-01  5.23862046e+00 
 5.70000000e-01  6.23852716e+00  5.70000000e-01  5.42043053e+00 
 5.80000000e-01  6.06211126e+00  5.80000000e-01  5.60122727e+00 
 5.90000000e-01  5.89350455e+00  5.90000000e-01  5.78084693e+00 
 6.00000000e-01  5.73222129e+00  6.00000000e-01  5.95913428e+00 
 6.10000000e-01  5.57781399e+00  6.10000000e-01  6.13594234e+00 
 6.20000000e-01  5.42986976e+00  6.20000000e-01  6.31113208e+00 
 6.30000000e-01  5.28800706e+00  6.30000000e-01  6.48457208e+00 
 6.40000000e-01  5.15187288e+00  6.40000000e-01  6.65613826e+00 
 6.50000000e-01  5.02114017e+00  6.50000000e-01  6.82571358e+00 
 6.60000000e-01  4.89550549e+00  6.60000000e-01  6.99318775e+00 
 6.70000000e-01  4.77468699e+00  6.70000000e-01  7.15845692e+00 
 6.80000000e-01  4.65842256e+00  6.80000000e-01  7.32142342e+00 
 6.90000000e-01  4.54646809e+00  6.90000000e-01  7.48199547e+00 
 7.00000000e-01  4.43859605e+00  7.00000000e-01  7.64008689e+00 
 7.10000000e-01  4.33459406e+00  7.10000000e-01  7.79561682e+00 
 7.20000000e-01  4.23426367e+00  7.20000000e-01  7.94850945e+00 
 7.30000000e-01  4.13741926e+00  7.30000000e-01  8.09869379e+00 
 7.40000000e-01  4.04388701e+00  7.40000000e-01  8.24610333e+00 
 7.50000000e-01  3.95350398e+00  7.50000000e-01  8.39067587e+00 
 7.60000000e-01  3.86611730e+00  7.60000000e-01  8.53235320e+00 
 7.70000000e-01  3.78158334e+00  7.70000000e-01  8.67108091e+00 
 7.80000000e-01  3.69976708e+00  7.80000000e-01  8.80680813e+00 
 7.90000000e-01  3.62054149e+00  7.90000000e-01  8.93948731e+00 
 8.00000000e-01  3.54378686e+00  8.00000000e-01  9.06907402e+00 
 8.10000000e-01  3.46939039e+00  8.10000000e-01  9.19552674e+00 
 8.20000000e-01  3.39724561e+00  8.20000000e-01  9.31880669e+00 
 8.30000000e-01  3.32725203e+00  8.30000000e-01  9.43887763e+00 
 8.40000000e-01  3.25931464e+00  8.40000000e-01  9.55570569e+00 
 8.50000000e-01  3.19334362e+00  8.50000000e-01  9.66925929e+00 
 8.60000000e-01  3.12925398e+00  8.60000000e-01  9.77950894e+00 
 8.70000000e-01  3.06696523e+00  8.70000000e-01  9.88642713e+00 
 8.80000000e-01  3.00640112e+00  8.80000000e-01  9.98998830e+00 
 8.90000000e-01  2.94748936e+00  8.90000000e-01  1.00901687e+01 
 9.00000000e-01  2.89016139e+00  9.00000000e-01  1.01869462e+01 
 9.10000000e-01  2.83435217e+00  9.10000000e-01  1.02803006e+01 
 9.20000000e-01  2.77999994e+00  9.20000000e-01  1.03702132e+01 
 9.30000000e-01  2.72704608e+00  9.30000000e-01  1.04566670e+01 
 9.40000000e-01  2.67543489e+00  9.40000000e-01  1.05396467e+01 
 9.50000000e-01  2.62511348e+00  9.50000000e-01  1.06191385e+01 
 9.60000000e-01  2.57603156e+00  9.60000000e-01  1.06951305e+01 
 9.70000000e-01  2.52814134e+00  9.70000000e-01  1.07676123e+01 
 9.80000000e-01  2.48139742e+00  9.80000000e-01  1.08365753e+01 
 9.90000000e-01  2.43575662e+00  9.90000000e-01  1.09020129e+01 
 1.00000000e+00  2.39117788e+00  1.00000000e+00  1.09639202e+01 
 1.01000000e+00  2.34762219e+00  1.01000000e+00  1.10222942e+01 
 1.02000000e+00  2.30505245e+00  1.02000000e+00  1.10771340e+01 
 1.03000000e+00  2.26343341e+00  1.03000000e+00  1.11284409e+01 
 1.04000000e+00  2.22273154e+00  1.04000000e+00  1.11762183e+01 
 1.05000000e+00  2.18291499e+00  1.05000000e+00  1.12204716e+01 
 1.06000000e+00  2.14395348e+00  1.06000000e+00  1.12612090e+01 
 1.07000000e+00  2.10581824e+00  1.07000000e+00  1.12984408e+01 
 1.08000000e+00  2.06848191e+00  1.08000000e+00  1.13321798e+01 
 1.09000000e+00  2.03191854e+00  1.09000000e+00  1.13624413e+01 
 1.10000000e+00  1.99610343e+00  1.10000000e+00  1.13892434e+01 
 1.11000000e+00  1.96101313e+00  1.11000000e+00  1.14126066e+01 
 1.12000000e+00  1.92662536e+00  1.12000000e+00  1.14325543e+01 
 1.13000000e+00  1.89291896e+00  1.13000000e+00  1.14491123e+01 
 1.14000000e+00  1.85987381e+00  1.14000000e+00  1.14623093e+01 
 1.15000000e+00  1.82747081e+00  1.15000000e+00  1.14721768e+01 
 1.16000000e+00  1.79569178e+00  1.16000000e+00  1.14787489e+01 
 1.17000000e+00  1.76451945e+00  1.17000000e+00  1.14820623e+01 
 1.18000000e+00  1.73393742e+00  1.18000000e+00  1.14821565e+01 
 1.19000000e+00  1.70393005e+00  1.19000000e+00  1.14790735e+01 
 1.20000000e+00  1.67448248e+00  1.20000000e+00  1.14728579e+01 
